{
  "nbformat": 4,
  "nbformat_minor": 0,
  "metadata": {
    "colab": {
      "provenance": [],
      "authorship_tag": "ABX9TyOF8XCUnkDFwrHVDnlLhWzf",
      "include_colab_link": true
    },
    "kernelspec": {
      "name": "python3",
      "display_name": "Python 3"
    },
    "language_info": {
      "name": "python"
    }
  },
  "cells": [
    {
      "cell_type": "markdown",
      "metadata": {
        "id": "view-in-github",
        "colab_type": "text"
      },
      "source": [
        "<a href=\"https://colab.research.google.com/github/timztim/data-science-toolkit/blob/main/tutorial3.ipynb\" target=\"_parent\"><img src=\"https://colab.research.google.com/assets/colab-badge.svg\" alt=\"Open In Colab\"/></a>"
      ]
    },
    {
      "cell_type": "code",
      "execution_count": 1,
      "metadata": {
        "id": "dnYztdDScMew"
      },
      "outputs": [],
      "source": [
        "import numpy as np"
      ]
    },
    {
      "cell_type": "code",
      "source": [
        "question1=np.array([[1,2],[3,4]])\n",
        "print (question1)"
      ],
      "metadata": {
        "colab": {
          "base_uri": "https://localhost:8080/"
        },
        "id": "uRc26DVocZUs",
        "outputId": "42cf0607-a2ad-4f5b-c4b8-600d9290f933"
      },
      "execution_count": 4,
      "outputs": [
        {
          "output_type": "stream",
          "name": "stdout",
          "text": [
            "[[1 2]\n",
            " [3 4]]\n"
          ]
        }
      ]
    },
    {
      "cell_type": "code",
      "source": [
        "question2=np.random.random((3,4))\n",
        "print(question2)"
      ],
      "metadata": {
        "colab": {
          "base_uri": "https://localhost:8080/"
        },
        "id": "tWk5yd3GdBo4",
        "outputId": "599ba2f0-09f5-41e7-97bd-5c74a8569414"
      },
      "execution_count": 5,
      "outputs": [
        {
          "output_type": "stream",
          "name": "stdout",
          "text": [
            "[[0.33631401 0.51707932 0.10454079 0.9897073 ]\n",
            " [0.1433793  0.50001356 0.12797591 0.99566062]\n",
            " [0.4800917  0.29619696 0.00821673 0.32357907]]\n"
          ]
        }
      ]
    },
    {
      "cell_type": "code",
      "source": [
        "question3=np.full((2,2),1)\n",
        "print(question3)"
      ],
      "metadata": {
        "colab": {
          "base_uri": "https://localhost:8080/"
        },
        "id": "f7y0XTJldL7h",
        "outputId": "f7d4e43f-65d3-42fe-c598-d606cac3eaa0"
      },
      "execution_count": 6,
      "outputs": [
        {
          "output_type": "stream",
          "name": "stdout",
          "text": [
            "[[1 1]\n",
            " [1 1]]\n"
          ]
        }
      ]
    },
    {
      "cell_type": "code",
      "source": [
        "question4=np.full((2,2),0)\n",
        "print(question4)"
      ],
      "metadata": {
        "colab": {
          "base_uri": "https://localhost:8080/"
        },
        "id": "M1Ha2HdldSy4",
        "outputId": "482a6534-524b-4251-9e94-126d97ecbba9"
      },
      "execution_count": 7,
      "outputs": [
        {
          "output_type": "stream",
          "name": "stdout",
          "text": [
            "[[0 0]\n",
            " [0 0]]\n"
          ]
        }
      ]
    },
    {
      "cell_type": "code",
      "source": [
        "question5=np.random.random((6,3))\n",
        "print(question5)\n",
        "print()\n",
        "print(question5.T)"
      ],
      "metadata": {
        "colab": {
          "base_uri": "https://localhost:8080/"
        },
        "id": "_4RCEaUPdbsz",
        "outputId": "6201765d-c2f8-4395-a011-6193537616cf"
      },
      "execution_count": 9,
      "outputs": [
        {
          "output_type": "stream",
          "name": "stdout",
          "text": [
            "[[0.04611891 0.00518631 0.43896247]\n",
            " [0.02090101 0.85362846 0.76100738]\n",
            " [0.77609594 0.14060418 0.53592108]\n",
            " [0.56157312 0.44689601 0.26656246]\n",
            " [0.71992007 0.9146689  0.05281497]\n",
            " [0.48034386 0.97368304 0.87486784]]\n",
            "\n",
            "[[0.04611891 0.02090101 0.77609594 0.56157312 0.71992007 0.48034386]\n",
            " [0.00518631 0.85362846 0.14060418 0.44689601 0.9146689  0.97368304]\n",
            " [0.43896247 0.76100738 0.53592108 0.26656246 0.05281497 0.87486784]]\n"
          ]
        }
      ]
    }
  ]
}